0.776695087525201
0.616582155093400
0.908711396737469
0.512559697724138
0.659898093459135
0.954791964582956
0.642390292397413
0.604943446680677
0.692810981929162
0.667460496105978
0.928191740932179
0.913439213417687
0.791056530839684
0.810096544243941
0.793916315109383
0.720417936487161
0.736164045818120
0.659496183033733
0.946486981301759
0.666419288374552
0.774419902670115
0.575974487728985
0.928645823641339
0.915988690662114
0.648996406714199
0.824729668903087
0.779504175548171
0.826240258273424
0.931558964789675
0.542515755300777
0.997135034462173
0.866113326458806
0.869509879174651
0.793774605302129
0.519671852155872
0.720306524652348
0.624622991648540
0.696362526114169
0.633918190641191
0.596739143547382
0.768109119752801
0.544881947559947
0.842591020855171
0.666183313868198
0.843216194363806
0.865654201193472
0.539912378460925
0.929407525661200
0.685511746522380
0.789595000068869
0.932822164348639
0.998340593660428
0.806467795832845
0.822252613834073
0.561272027813782
0.638261997229868
0.894721641740594
0.864915996457001
0.662178824786217
0.521303605172378
0.827735731211158
0.945845868471731
0.737415456774266
0.795882097046773
0.517137546291915
0.688817987865178
0.810173920201474
0.909293868507765
0.827946111617762
0.976487302033379
0.687217578038245
0.785369689169896
0.559789644608448
0.594564722971902
0.660077614541192
0.890073985970786
0.759636275470315
0.679708105642116
0.873934675321580
0.984265900704416
0.791990614964167
0.524071718912687
